11111111111111111
11111111111111111
11111111111111111
11111111111111111
11111111111111111
11111111111111111
11111111111111111
11111111111111111
11111111111111111
11111111111111111
11011111111111111
11011111110111111
11000021110111111
11011101112111111
11011101110111111
00010000000111111
11011101110111111
11000001110111111
11111111110111111
11111111113111111
11111111111111111
11111111111111111
11111111111111111
11111111111111111
11111111111111111
11111111111111111
11111111111111111
11111111111111111
11111111111111111
11111111111111111
11111111111111111
