11111111111111111
11111111111111111
11111111111111111
11111111111111111
11111111111111111
11111111111111111
11111111111111111
11111111111111111
11110000000111111
11110111110111111
11110200010111111
11110100000111111
11110013010111111
11110010010111111
11110012010111111
11110100010111111
11110000110111111
11110100020111111
11110111110111111
11112000000111111
11111111111111111
11111111111111111
11111111111111111
11111111111111111
11111111111111111
11111111111111111
11111111111111111
11111111111111111
11111111111111111
11111111111111111
11111111111111111
11111111111111111
11111111111111111
11111111111111111
11111111111111111
11111111111111111
11111111111111111

