11111111111111111
11111111111111111
11111111111111111
11111111111111111
11111111111111111
11111111111111111
11111111111111111
11111111111111111
11111111111111111
11111111111111111
11111111111111111
11111111111111111
11111111111111111
11111000111111111
11111020011111111
11111030011111111
11111000011111111
11111100011111111
11111102111111111
11111101111111111
11111101111111111
11111000111111111
11111200002111111
11111000000111111
11111120003111111
11111111111111111
11111111111111111
11111111111111111
11111111111111111
11111111111111111
11111111111111111
11111111111111111
11111111111111111
11111111111111111
11111111111111111
11111111111111111
11111111111111111
